000 0 0 000
001 0 0 000
002 0 0 000
003 0 0 000
004 0 0 000
005 0 0 000
006 0 0 000
007 0 0 000
008 0 0 000
009 0 0 000
00a 0 0 000
00b 0 0 000
00c 0 0 000
00d 0 0 000
00e 0 0 000
00f 0 0 000
010 0 0 000
011 0 0 000
012 0 0 000
013 0 0 000
014 0 0 000
015 0 0 000
016 0 0 000
017 0 0 000
018 0 0 000
019 0 0 000
01a 0 0 000
01b 0 0 000
01c 0 0 000
01d 0 0 000
01e 0 0 000
01f 0 0 000
020 0 0 000
021 0 0 000
022 0 0 000
023 0 0 000
024 0 0 000
025 0 0 000
026 0 0 000
027 0 0 000
028 0 0 000
029 0 0 000
02a 0 0 000
02b 0 0 000
02c 0 0 000
02d 0 0 000
02e 0 0 000
02f 0 0 000
030 0 0 000
031 0 0 000
032 0 0 000
033 0 0 000
034 0 0 000
035 0 0 000
036 0 0 000
037 0 0 000
038 0 0 000
039 0 0 000
03a 0 0 000
03b 1 8 840
03c 0 0 000
03d 1 6 500
03e 1 7 280
03f 0 0 000
040 0 0 000
041 0 0 000
042 0 0 000
043 0 0 000
044 0 0 000
045 0 0 000
046 0 0 000
047 0 0 000
048 0 0 000
049 0 0 000
04a 0 0 000
04b 0 0 000
04c 0 0 000
04d 0 0 000
04e 0 0 000
04f 0 0 000
050 0 0 000
051 0 0 000
052 0 0 000
053 0 0 000
054 0 0 000
055 0 0 000
056 0 0 000
057 1 2 300
058 0 0 000
059 0 0 000
05a 0 0 000
05b 1 8 820
05c 0 0 000
05d 0 0 000
05e 0 0 000
05f 0 0 000
060 0 0 000
061 0 0 000
062 0 0 000
063 0 0 000
064 0 0 000
065 0 0 000
066 0 0 000
067 1 1 480
068 0 0 000
069 0 0 000
06a 0 0 000
06b 1 8 810
06c 0 0 000
06d 0 0 000
06e 0 0 000
06f 0 0 000
070 0 0 000
071 0 0 000
072 0 0 000
073 1 8 808
074 0 0 000
075 0 0 000
076 0 0 000
077 0 0 000
078 0 0 000
079 1 8 802
07a 1 8 801
07b 1 8 800
07c 0 0 000
07d 0 0 000
07e 0 0 000
07f 1 8 804
080 0 0 000
081 0 0 000
082 0 0 000
083 0 0 000
084 0 0 000
085 0 0 000
086 0 0 000
087 0 0 000
088 0 0 000
089 0 0 000
08a 0 0 000
08b 0 0 000
08c 0 0 000
08d 0 0 000
08e 0 0 000
08f 1 0 900
090 0 0 000
091 0 0 000
092 0 0 000
093 0 0 000
094 0 0 000
095 0 0 000
096 0 0 000
097 0 0 000
098 0 0 000
099 0 0 000
09a 0 0 000
09b 0 0 000
09c 0 0 000
09d 0 0 000
09e 1 7 220
09f 0 0 000
0a0 0 0 000
0a1 0 0 000
0a2 0 0 000
0a3 0 0 000
0a4 0 0 000
0a5 0 0 000
0a6 0 0 000
0a7 1 1 440
0a8 0 0 000
0a9 0 0 000
0aa 0 0 000
0ab 0 0 000
0ac 0 0 000
0ad 0 0 000
0ae 1 7 210
0af 0 0 000
0b0 0 0 000
0b1 0 0 000
0b2 0 0 000
0b3 0 0 000
0b4 0 0 000
0b5 0 0 000
0b6 1 7 208
0b7 0 0 000
0b8 0 0 000
0b9 0 0 000
0ba 1 7 204
0bb 0 0 000
0bc 1 7 202
0bd 0 0 000
0be 1 7 200
0bf 1 7 201
0c0 0 0 000
0c1 0 0 000
0c2 0 0 000
0c3 0 0 000
0c4 0 0 000
0c5 0 0 000
0c6 0 0 000
0c7 1 1 420
0c8 0 0 000
0c9 0 0 000
0ca 0 0 000
0cb 0 0 000
0cc 0 0 000
0cd 0 0 000
0ce 0 0 000
0cf 0 0 000
0d0 0 0 000
0d1 0 0 000
0d2 0 0 000
0d3 0 0 000
0d4 0 0 000
0d5 0 0 000
0d6 0 0 000
0d7 0 0 000
0d8 0 0 000
0d9 0 0 000
0da 0 0 000
0db 0 0 000
0dc 0 0 000
0dd 0 0 000
0de 0 0 000
0df 0 0 000
0e0 0 0 000
0e1 0 0 000
0e2 0 0 000
0e3 1 1 404
0e4 0 0 000
0e5 1 1 402
0e6 1 1 401
0e7 1 1 400
0e8 0 0 000
0e9 0 0 000
0ea 0 0 000
0eb 0 0 000
0ec 0 0 000
0ed 0 0 000
0ee 0 0 000
0ef 1 1 408
0f0 0 0 000
0f1 0 0 000
0f2 0 0 000
0f3 0 0 000
0f4 0 0 000
0f5 0 0 000
0f6 0 0 000
0f7 1 1 410
0f8 0 0 000
0f9 0 0 000
0fa 0 0 000
0fb 1 8 880
0fc 0 0 000
0fd 0 0 000
0fe 1 7 240
0ff 0 0 000
100 0 0 000
101 0 0 000
102 0 0 000
103 0 0 000
104 0 0 000
105 0 0 000
106 0 0 000
107 0 0 000
108 0 0 000
109 0 0 000
10a 0 0 000
10b 0 0 000
10c 0 0 000
10d 0 0 000
10e 0 0 000
10f 1 0 880
110 0 0 000
111 0 0 000
112 0 0 000
113 0 0 000
114 0 0 000
115 0 0 000
116 0 0 000
117 1 2 240
118 0 0 000
119 0 0 000
11a 0 0 000
11b 0 0 000
11c 0 0 000
11d 1 6 420
11e 0 0 000
11f 0 0 000
120 0 0 000
121 0 0 000
122 0 0 000
123 0 0 000
124 0 0 000
125 0 0 000
126 0 0 000
127 0 0 000
128 0 0 000
129 0 0 000
12a 0 0 000
12b 0 0 000
12c 0 0 000
12d 1 6 410
12e 0 0 000
12f 0 0 000
130 0 0 000
131 0 0 000
132 0 0 000
133 0 0 000
134 0 0 000
135 1 6 408
136 0 0 000
137 0 0 000
138 0 0 000
139 1 6 404
13a 0 0 000
13b 0 0 000
13c 1 6 401
13d 1 6 400
13e 0 0 000
13f 1 6 402
140 0 0 000
141 0 0 000
142 0 0 000
143 0 0 000
144 0 0 000
145 0 0 000
146 0 0 000
147 1 2 210
148 0 0 000
149 0 0 000
14a 0 0 000
14b 0 0 000
14c 0 0 000
14d 0 0 000
14e 0 0 000
14f 0 0 000
150 0 0 000
151 0 0 000
152 0 0 000
153 1 2 204
154 0 0 000
155 1 2 202
156 1 2 201
157 1 2 200
158 0 0 000
159 0 0 000
15a 0 0 000
15b 0 0 000
15c 0 0 000
15d 0 0 000
15e 0 0 000
15f 1 2 208
160 0 0 000
161 0 0 000
162 0 0 000
163 0 0 000
164 0 0 000
165 0 0 000
166 0 0 000
167 0 0 000
168 0 0 000
169 0 0 000
16a 0 0 000
16b 0 0 000
16c 0 0 000
16d 0 0 000
16e 0 0 000
16f 0 0 000
170 0 0 000
171 0 0 000
172 0 0 000
173 0 0 000
174 0 0 000
175 0 0 000
176 0 0 000
177 1 2 220
178 0 0 000
179 0 0 000
17a 0 0 000
17b 1 8 900
17c 0 0 000
17d 1 6 440
17e 0 0 000
17f 0 0 000
180 0 0 000
181 0 0 000
182 0 0 000
183 0 0 000
184 0 0 000
185 0 0 000
186 0 0 000
187 1 0 808
188 0 0 000
189 0 0 000
18a 0 0 000
18b 1 0 804
18c 0 0 000
18d 1 0 802
18e 1 0 801
18f 1 0 800
190 0 0 000
191 0 0 000
192 0 0 000
193 0 0 000
194 0 0 000
195 0 0 000
196 0 0 000
197 0 0 000
198 0 0 000
199 0 0 000
19a 0 0 000
19b 0 0 000
19c 0 0 000
19d 0 0 000
19e 0 0 000
19f 1 0 810
1a0 0 0 000
1a1 0 0 000
1a2 0 0 000
1a3 0 0 000
1a4 0 0 000
1a5 0 0 000
1a6 0 0 000
1a7 0 0 000
1a8 0 0 000
1a9 0 0 000
1aa 0 0 000
1ab 0 0 000
1ac 0 0 000
1ad 0 0 000
1ae 0 0 000
1af 1 0 820
1b0 0 0 000
1b1 0 0 000
1b2 0 0 000
1b3 0 0 000
1b4 0 0 000
1b5 0 0 000
1b6 0 0 000
1b7 0 0 000
1b8 0 0 000
1b9 0 0 000
1ba 0 0 000
1bb 0 0 000
1bc 0 0 000
1bd 1 6 480
1be 1 7 300
1bf 0 0 000
1c0 0 0 000
1c1 0 0 000
1c2 0 0 000
1c3 0 0 000
1c4 0 0 000
1c5 0 0 000
1c6 0 0 000
1c7 0 0 000
1c8 0 0 000
1c9 0 0 000
1ca 0 0 000
1cb 0 0 000
1cc 1 5 600
1cd 0 0 000
1ce 0 0 000
1cf 1 0 840
1d0 0 0 000
1d1 1 4 c00
1d2 0 0 000
1d3 0 0 000
1d4 0 0 000
1d5 0 0 000
1d6 0 0 000
1d7 1 2 280
1d8 0 0 000
1d9 0 0 000
1da 0 0 000
1db 0 0 000
1dc 0 0 000
1dd 0 0 000
1de 0 0 000
1df 0 0 000
1e0 0 0 000
1e1 0 0 000
1e2 1 3 a00
1e3 0 0 000
1e4 0 0 000
1e5 0 0 000
1e6 0 0 000
1e7 1 1 500
1e8 0 0 000
1e9 0 0 000
1ea 0 0 000
1eb 0 0 000
1ec 0 0 000
1ed 0 0 000
1ee 0 0 000
1ef 0 0 000
1f0 0 0 000
1f1 0 0 000
1f2 0 0 000
1f3 0 0 000
1f4 0 0 000
1f5 0 0 000
1f6 0 0 000
1f7 0 0 000
1f8 0 0 000
1f9 0 0 000
1fa 0 0 000
1fb 0 0 000
1fc 0 0 000
1fd 0 0 000
1fe 0 0 000
1ff 0 0 000
200 0 0 000
201 0 0 000
202 0 0 000
203 0 0 000
204 0 0 000
205 0 0 000
206 0 0 000
207 0 0 000
208 0 0 000
209 0 0 000
20a 0 0 000
20b 0 0 000
20c 0 0 000
20d 0 0 000
20e 0 0 000
20f 0 0 000
210 0 0 000
211 0 0 000
212 0 0 000
213 0 0 000
214 0 0 000
215 0 0 000
216 0 0 000
217 1 2 140
218 0 0 000
219 0 0 000
21a 0 0 000
21b 0 0 000
21c 0 0 000
21d 0 0 000
21e 1 7 0a0
21f 0 0 000
220 0 0 000
221 0 0 000
222 0 0 000
223 0 0 000
224 0 0 000
225 0 0 000
226 0 0 000
227 0 0 000
228 0 0 000
229 0 0 000
22a 0 0 000
22b 0 0 000
22c 0 0 000
22d 0 0 000
22e 1 7 090
22f 0 0 000
230 0 0 000
231 0 0 000
232 0 0 000
233 0 0 000
234 0 0 000
235 0 0 000
236 1 7 088
237 0 0 000
238 0 0 000
239 0 0 000
23a 1 7 084
23b 0 0 000
23c 1 7 082
23d 0 0 000
23e 1 7 080
23f 1 7 081
240 0 0 000
241 0 0 000
242 0 0 000
243 0 0 000
244 0 0 000
245 0 0 000
246 0 0 000
247 1 2 110
248 0 0 000
249 0 0 000
24a 0 0 000
24b 0 0 000
24c 0 0 000
24d 0 0 000
24e 0 0 000
24f 0 0 000
250 0 0 000
251 0 0 000
252 0 0 000
253 1 2 104
254 0 0 000
255 1 2 102
256 1 2 101
257 1 2 100
258 0 0 000
259 0 0 000
25a 0 0 000
25b 0 0 000
25c 0 0 000
25d 0 0 000
25e 0 0 000
25f 1 2 108
260 0 0 000
261 0 0 000
262 0 0 000
263 0 0 000
264 0 0 000
265 0 0 000
266 0 0 000
267 0 0 000
268 0 0 000
269 0 0 000
26a 0 0 000
26b 0 0 000
26c 0 0 000
26d 0 0 000
26e 0 0 000
26f 0 0 000
270 0 0 000
271 0 0 000
272 0 0 000
273 0 0 000
274 1 9 c00
275 0 0 000
276 0 0 000
277 1 2 120
278 0 0 000
279 0 0 000
27a 0 0 000
27b 1 8 a00
27c 0 0 000
27d 0 0 000
27e 1 7 0c0
27f 0 0 000
280 0 0 000
281 0 0 000
282 0 0 000
283 0 0 000
284 0 0 000
285 0 0 000
286 0 0 000
287 0 0 000
288 0 0 000
289 0 0 000
28a 0 0 000
28b 0 0 000
28c 0 0 000
28d 0 0 000
28e 1 7 030
28f 0 0 000
290 0 0 000
291 0 0 000
292 0 0 000
293 0 0 000
294 0 0 000
295 0 0 000
296 1 7 028
297 0 0 000
298 0 0 000
299 0 0 000
29a 1 7 024
29b 0 0 000
29c 1 7 022
29d 0 0 000
29e 1 7 020
29f 1 7 021
2a0 0 0 000
2a1 0 0 000
2a2 0 0 000
2a3 0 0 000
2a4 0 0 000
2a5 0 0 000
2a6 1 7 018
2a7 0 0 000
2a8 0 0 000
2a9 1 b c00
2aa 1 7 014
2ab 0 0 000
2ac 1 7 012
2ad 0 0 000
2ae 1 7 010
2af 1 7 011
2b0 0 0 000
2b1 0 0 000
2b2 1 7 00c
2b3 0 0 000
2b4 1 7 00a
2b5 0 0 000
2b6 1 7 008
2b7 1 7 009
2b8 1 7 006
2b9 0 0 000
2ba 1 7 004
2bb 1 7 005
2bc 1 7 002
2bd 1 7 003
2be 1 7 000
2bf 1 7 001
2c0 0 0 000
2c1 0 0 000
2c2 0 0 000
2c3 0 0 000
2c4 0 0 000
2c5 0 0 000
2c6 0 0 000
2c7 0 0 000
2c8 0 0 000
2c9 0 0 000
2ca 0 0 000
2cb 0 0 000
2cc 1 5 500
2cd 0 0 000
2ce 0 0 000
2cf 0 0 000
2d0 0 0 000
2d1 0 0 000
2d2 0 0 000
2d3 0 0 000
2d4 0 0 000
2d5 0 0 000
2d6 0 0 000
2d7 1 2 180
2d8 0 0 000
2d9 0 0 000
2da 0 0 000
2db 0 0 000
2dc 0 0 000
2dd 0 0 000
2de 1 7 060
2df 0 0 000
2e0 0 0 000
2e1 0 0 000
2e2 1 3 900
2e3 0 0 000
2e4 0 0 000
2e5 0 0 000
2e6 0 0 000
2e7 1 1 600
2e8 0 0 000
2e9 0 0 000
2ea 0 0 000
2eb 0 0 000
2ec 0 0 000
2ed 0 0 000
2ee 1 7 050
2ef 0 0 000
2f0 0 0 000
2f1 0 0 000
2f2 0 0 000
2f3 0 0 000
2f4 0 0 000
2f5 0 0 000
2f6 1 7 048
2f7 0 0 000
2f8 0 0 000
2f9 0 0 000
2fa 1 7 044
2fb 0 0 000
2fc 1 7 042
2fd 0 0 000
2fe 1 7 040
2ff 1 7 041
300 0 0 000
301 0 0 000
302 0 0 000
303 0 0 000
304 0 0 000
305 0 0 000
306 0 0 000
307 1 2 050
308 0 0 000
309 0 0 000
30a 0 0 000
30b 0 0 000
30c 0 0 000
30d 0 0 000
30e 0 0 000
30f 0 0 000
310 0 0 000
311 0 0 000
312 0 0 000
313 1 2 044
314 0 0 000
315 1 2 042
316 1 2 041
317 1 2 040
318 0 0 000
319 0 0 000
31a 1 a c00
31b 0 0 000
31c 0 0 000
31d 0 0 000
31e 0 0 000
31f 1 2 048
320 0 0 000
321 0 0 000
322 0 0 000
323 0 0 000
324 0 0 000
325 0 0 000
326 0 0 000
327 0 0 000
328 0 0 000
329 0 0 000
32a 0 0 000
32b 0 0 000
32c 0 0 000
32d 0 0 000
32e 0 0 000
32f 0 0 000
330 0 0 000
331 0 0 000
332 0 0 000
333 0 0 000
334 0 0 000
335 0 0 000
336 0 0 000
337 1 2 060
338 0 0 000
339 0 0 000
33a 0 0 000
33b 0 0 000
33c 0 0 000
33d 1 6 600
33e 1 7 180
33f 0 0 000
340 0 0 000
341 0 0 000
342 0 0 000
343 1 2 014
344 0 0 000
345 1 2 012
346 1 2 011
347 1 2 010
348 0 0 000
349 0 0 000
34a 0 0 000
34b 0 0 000
34c 1 5 480
34d 0 0 000
34e 0 0 000
34f 1 2 018
350 0 0 000
351 1 2 006
352 1 2 005
353 1 2 004
354 1 2 003
355 1 2 002
356 1 2 001
357 1 2 000
358 0 0 000
359 0 0 000
35a 0 0 000
35b 1 2 00c
35c 0 0 000
35d 1 2 00a
35e 1 2 009
35f 1 2 008
360 0 0 000
361 0 0 000
362 1 3 880
363 0 0 000
364 0 0 000
365 0 0 000
366 0 0 000
367 1 2 030
368 0 0 000
369 0 0 000
36a 0 0 000
36b 0 0 000
36c 0 0 000
36d 0 0 000
36e 0 0 000
36f 0 0 000
370 0 0 000
371 0 0 000
372 0 0 000
373 1 2 024
374 0 0 000
375 1 2 022
376 1 2 021
377 1 2 020
378 0 0 000
379 0 0 000
37a 0 0 000
37b 0 0 000
37c 0 0 000
37d 0 0 000
37e 0 0 000
37f 1 2 028
380 0 0 000
381 0 0 000
382 0 0 000
383 0 0 000
384 0 0 000
385 0 0 000
386 0 0 000
387 0 0 000
388 0 0 000
389 0 0 000
38a 0 0 000
38b 0 0 000
38c 1 5 440
38d 0 0 000
38e 0 0 000
38f 1 0 a00
390 0 0 000
391 0 0 000
392 0 0 000
393 0 0 000
394 0 0 000
395 0 0 000
396 0 0 000
397 1 2 0c0
398 0 0 000
399 0 0 000
39a 0 0 000
39b 0 0 000
39c 0 0 000
39d 0 0 000
39e 1 7 120
39f 0 0 000
3a0 0 0 000
3a1 0 0 000
3a2 1 3 840
3a3 0 0 000
3a4 0 0 000
3a5 0 0 000
3a6 0 0 000
3a7 0 0 000
3a8 0 0 000
3a9 0 0 000
3aa 0 0 000
3ab 0 0 000
3ac 0 0 000
3ad 0 0 000
3ae 1 7 110
3af 0 0 000
3b0 0 0 000
3b1 0 0 000
3b2 0 0 000
3b3 0 0 000
3b4 0 0 000
3b5 0 0 000
3b6 1 7 108
3b7 0 0 000
3b8 0 0 000
3b9 0 0 000
3ba 1 7 104
3bb 0 0 000
3bc 1 7 102
3bd 0 0 000
3be 1 7 100
3bf 1 7 101
3c0 0 0 000
3c1 0 0 000
3c2 1 3 820
3c3 0 0 000
3c4 1 5 408
3c5 0 0 000
3c6 0 0 000
3c7 1 2 090
3c8 1 5 404
3c9 0 0 000
3ca 0 0 000
3cb 0 0 000
3cc 1 5 400
3cd 1 5 401
3ce 1 5 402
3cf 0 0 000
3d0 0 0 000
3d1 0 0 000
3d2 0 0 000
3d3 1 2 084
3d4 0 0 000
3d5 1 2 082
3d6 1 2 081
3d7 1 2 080
3d8 0 0 000
3d9 0 0 000
3da 0 0 000
3db 0 0 000
3dc 1 5 410
3dd 0 0 000
3de 0 0 000
3df 1 2 088
3e0 1 3 802
3e1 0 0 000
3e2 1 3 800
3e3 1 3 801
3e4 0 0 000
3e5 0 0 000
3e6 1 3 804
3e7 0 0 000
3e8 0 0 000
3e9 0 0 000
3ea 1 3 808
3eb 0 0 000
3ec 1 5 420
3ed 0 0 000
3ee 0 0 000
3ef 0 0 000
3f0 0 0 000
3f1 0 0 000
3f2 1 3 810
3f3 0 0 000
3f4 0 0 000
3f5 0 0 000
3f6 0 0 000
3f7 1 2 0a0
3f8 0 0 000
3f9 0 0 000
3fa 0 0 000
3fb 0 0 000
3fc 0 0 000
3fd 0 0 000
3fe 1 7 140
3ff 0 0 000
400 0 0 000
401 0 0 000
402 0 0 000
403 0 0 000
404 0 0 000
405 0 0 000
406 0 0 000
407 0 0 000
408 0 0 000
409 0 0 000
40a 0 0 000
40b 0 0 000
40c 0 0 000
40d 0 0 000
40e 0 0 000
40f 0 0 000
410 0 0 000
411 0 0 000
412 0 0 000
413 0 0 000
414 0 0 000
415 0 0 000
416 0 0 000
417 0 0 000
418 0 0 000
419 0 0 000
41a 0 0 000
41b 0 0 000
41c 0 0 000
41d 1 6 120
41e 0 0 000
41f 0 0 000
420 0 0 000
421 0 0 000
422 0 0 000
423 0 0 000
424 0 0 000
425 0 0 000
426 0 0 000
427 1 1 0c0
428 0 0 000
429 0 0 000
42a 0 0 000
42b 0 0 000
42c 0 0 000
42d 1 6 110
42e 0 0 000
42f 0 0 000
430 0 0 000
431 0 0 000
432 0 0 000
433 0 0 000
434 0 0 000
435 1 6 108
436 0 0 000
437 0 0 000
438 0 0 000
439 1 6 104
43a 0 0 000
43b 0 0 000
43c 1 6 101
43d 1 6 100
43e 0 0 000
43f 1 6 102
440 0 0 000
441 0 0 000
442 0 0 000
443 0 0 000
444 0 0 000
445 0 0 000
446 0 0 000
447 1 1 0a0
448 0 0 000
449 0 0 000
44a 0 0 000
44b 0 0 000
44c 0 0 000
44d 0 0 000
44e 0 0 000
44f 0 0 000
450 0 0 000
451 0 0 000
452 0 0 000
453 0 0 000
454 0 0 000
455 0 0 000
456 0 0 000
457 0 0 000
458 0 0 000
459 0 0 000
45a 0 0 000
45b 0 0 000
45c 0 0 000
45d 0 0 000
45e 0 0 000
45f 0 0 000
460 0 0 000
461 0 0 000
462 0 0 000
463 1 1 084
464 0 0 000
465 1 1 082
466 1 1 081
467 1 1 080
468 0 0 000
469 0 0 000
46a 0 0 000
46b 0 0 000
46c 0 0 000
46d 0 0 000
46e 0 0 000
46f 1 1 088
470 0 0 000
471 0 0 000
472 0 0 000
473 0 0 000
474 1 9 a00
475 0 0 000
476 0 0 000
477 1 1 090
478 0 0 000
479 0 0 000
47a 0 0 000
47b 1 8 c00
47c 0 0 000
47d 1 6 140
47e 0 0 000
47f 0 0 000
480 0 0 000
481 0 0 000
482 0 0 000
483 0 0 000
484 0 0 000
485 0 0 000
486 0 0 000
487 1 1 060
488 0 0 000
489 0 0 000
48a 0 0 000
48b 0 0 000
48c 0 0 000
48d 0 0 000
48e 0 0 000
48f 0 0 000
490 0 0 000
491 0 0 000
492 0 0 000
493 0 0 000
494 0 0 000
495 0 0 000
496 0 0 000
497 0 0 000
498 0 0 000
499 0 0 000
49a 0 0 000
49b 0 0 000
49c 0 0 000
49d 0 0 000
49e 0 0 000
49f 0 0 000
4a0 0 0 000
4a1 0 0 000
4a2 0 0 000
4a3 1 1 044
4a4 0 0 000
4a5 1 1 042
4a6 1 1 041
4a7 1 1 040
4a8 0 0 000
4a9 1 b a00
4aa 0 0 000
4ab 0 0 000
4ac 0 0 000
4ad 0 0 000
4ae 0 0 000
4af 1 1 048
4b0 0 0 000
4b1 0 0 000
4b2 0 0 000
4b3 0 0 000
4b4 0 0 000
4b5 0 0 000
4b6 0 0 000
4b7 1 1 050
4b8 0 0 000
4b9 0 0 000
4ba 0 0 000
4bb 0 0 000
4bc 0 0 000
4bd 1 6 180
4be 1 7 600
4bf 0 0 000
4c0 0 0 000
4c1 0 0 000
4c2 0 0 000
4c3 1 1 024
4c4 0 0 000
4c5 1 1 022
4c6 1 1 021
4c7 1 1 020
4c8 0 0 000
4c9 0 0 000
4ca 0 0 000
4cb 0 0 000
4cc 1 5 300
4cd 0 0 000
4ce 0 0 000
4cf 1 1 028
4d0 0 0 000
4d1 1 4 900
4d2 0 0 000
4d3 0 0 000
4d4 0 0 000
4d5 0 0 000
4d6 0 0 000
4d7 1 1 030
4d8 0 0 000
4d9 0 0 000
4da 0 0 000
4db 0 0 000
4dc 0 0 000
4dd 0 0 000
4de 0 0 000
4df 0 0 000
4e0 0 0 000
4e1 1 1 006
4e2 1 1 005
4e3 1 1 004
4e4 1 1 003
4e5 1 1 002
4e6 1 1 001
4e7 1 1 000
4e8 0 0 000
4e9 0 0 000
4ea 0 0 000
4eb 1 1 00c
4ec 0 0 000
4ed 1 1 00a
4ee 1 1 009
4ef 1 1 008
4f0 0 0 000
4f1 0 0 000
4f2 0 0 000
4f3 1 1 014
4f4 0 0 000
4f5 1 1 012
4f6 1 1 011
4f7 1 1 010
4f8 0 0 000
4f9 0 0 000
4fa 0 0 000
4fb 0 0 000
4fc 0 0 000
4fd 0 0 000
4fe 0 0 000
4ff 1 1 018
500 0 0 000
501 0 0 000
502 0 0 000
503 0 0 000
504 0 0 000
505 0 0 000
506 0 0 000
507 0 0 000
508 0 0 000
509 0 0 000
50a 0 0 000
50b 0 0 000
50c 0 0 000
50d 1 6 030
50e 0 0 000
50f 0 0 000
510 0 0 000
511 0 0 000
512 0 0 000
513 0 0 000
514 0 0 000
515 1 6 028
516 0 0 000
517 0 0 000
518 0 0 000
519 1 6 024
51a 1 a a00
51b 0 0 000
51c 1 6 021
51d 1 6 020
51e 0 0 000
51f 1 6 022
520 0 0 000
521 0 0 000
522 0 0 000
523 0 0 000
524 0 0 000
525 1 6 018
526 0 0 000
527 0 0 000
528 0 0 000
529 1 6 014
52a 0 0 000
52b 0 0 000
52c 1 6 011
52d 1 6 010
52e 0 0 000
52f 1 6 012
530 0 0 000
531 1 6 00c
532 0 0 000
533 0 0 000
534 1 6 009
535 1 6 008
536 0 0 000
537 1 6 00a
538 1 6 005
539 1 6 004
53a 0 0 000
53b 1 6 006
53c 1 6 001
53d 1 6 000
53e 1 6 003
53f 1 6 002
540 0 0 000
541 0 0 000
542 0 0 000
543 0 0 000
544 0 0 000
545 0 0 000
546 0 0 000
547 0 0 000
548 0 0 000
549 0 0 000
54a 0 0 000
54b 0 0 000
54c 1 5 280
54d 0 0 000
54e 0 0 000
54f 0 0 000
550 0 0 000
551 1 4 880
552 0 0 000
553 0 0 000
554 0 0 000
555 0 0 000
556 0 0 000
557 1 2 600
558 0 0 000
559 0 0 000
55a 0 0 000
55b 0 0 000
55c 0 0 000
55d 1 6 060
55e 0 0 000
55f 0 0 000
560 0 0 000
561 0 0 000
562 0 0 000
563 0 0 000
564 0 0 000
565 0 0 000
566 0 0 000
567 1 1 180
568 0 0 000
569 0 0 000
56a 0 0 000
56b 0 0 000
56c 0 0 000
56d 1 6 050
56e 0 0 000
56f 0 0 000
570 0 0 000
571 0 0 000
572 0 0 000
573 0 0 000
574 0 0 000
575 1 6 048
576 0 0 000
577 0 0 000
578 0 0 000
579 1 6 044
57a 0 0 000
57b 0 0 000
57c 1 6 041
57d 1 6 040
57e 0 0 000
57f 1 6 042
580 0 0 000
581 0 0 000
582 0 0 000
583 0 0 000
584 0 0 000
585 0 0 000
586 0 0 000
587 0 0 000
588 0 0 000
589 0 0 000
58a 0 0 000
58b 0 0 000
58c 1 5 240
58d 0 0 000
58e 0 0 000
58f 1 0 c00
590 0 0 000
591 1 4 840
592 0 0 000
593 0 0 000
594 0 0 000
595 0 0 000
596 0 0 000
597 0 0 000
598 0 0 000
599 0 0 000
59a 0 0 000
59b 0 0 000
59c 0 0 000
59d 1 6 0a0
59e 0 0 000
59f 0 0 000
5a0 0 0 000
5a1 0 0 000
5a2 0 0 000
5a3 0 0 000
5a4 0 0 000
5a5 0 0 000
5a6 0 0 000
5a7 1 1 140
5a8 0 0 000
5a9 0 0 000
5aa 0 0 000
5ab 0 0 000
5ac 0 0 000
5ad 1 6 090
5ae 0 0 000
5af 0 0 000
5b0 0 0 000
5b1 0 0 000
5b2 0 0 000
5b3 0 0 000
5b4 0 0 000
5b5 1 6 088
5b6 0 0 000
5b7 0 0 000
5b8 0 0 000
5b9 1 6 084
5ba 0 0 000
5bb 0 0 000
5bc 1 6 081
5bd 1 6 080
5be 0 0 000
5bf 1 6 082
5c0 0 0 000
5c1 1 4 810
5c2 0 0 000
5c3 0 0 000
5c4 1 5 208
5c5 0 0 000
5c6 0 0 000
5c7 1 1 120
5c8 1 5 204
5c9 0 0 000
5ca 0 0 000
5cb 0 0 000
5cc 1 5 200
5cd 1 5 201
5ce 1 5 202
5cf 0 0 000
5d0 1 4 801
5d1 1 4 800
5d2 0 0 000
5d3 1 4 802
5d4 0 0 000
5d5 1 4 804
5d6 0 0 000
5d7 0 0 000
5d8 0 0 000
5d9 1 4 808
5da 0 0 000
5db 0 0 000
5dc 1 5 210
5dd 0 0 000
5de 0 0 000
5df 0 0 000
5e0 0 0 000
5e1 0 0 000
5e2 0 0 000
5e3 1 1 104
5e4 0 0 000
5e5 1 1 102
5e6 1 1 101
5e7 1 1 100
5e8 0 0 000
5e9 0 0 000
5ea 0 0 000
5eb 0 0 000
5ec 1 5 220
5ed 0 0 000
5ee 0 0 000
5ef 1 1 108
5f0 0 0 000
5f1 1 4 820
5f2 0 0 000
5f3 0 0 000
5f4 0 0 000
5f5 0 0 000
5f6 0 0 000
5f7 1 1 110
5f8 0 0 000
5f9 0 0 000
5fa 0 0 000
5fb 0 0 000
5fc 0 0 000
5fd 1 6 0c0
5fe 0 0 000
5ff 0 0 000
600 0 0 000
601 0 0 000
602 0 0 000
603 0 0 000
604 0 0 000
605 0 0 000
606 0 0 000
607 0 0 000
608 0 0 000
609 0 0 000
60a 0 0 000
60b 0 0 000
60c 0 0 000
60d 0 0 000
60e 0 0 000
60f 0 0 000
610 0 0 000
611 0 0 000
612 0 0 000
613 0 0 000
614 0 0 000
615 0 0 000
616 0 0 000
617 0 0 000
618 0 0 000
619 0 0 000
61a 1 a 900
61b 0 0 000
61c 0 0 000
61d 0 0 000
61e 0 0 000
61f 0 0 000
620 0 0 000
621 0 0 000
622 0 0 000
623 0 0 000
624 0 0 000
625 0 0 000
626 0 0 000
627 0 0 000
628 0 0 000
629 1 b 880
62a 0 0 000
62b 0 0 000
62c 0 0 000
62d 0 0 000
62e 0 0 000
62f 0 0 000
630 0 0 000
631 0 0 000
632 0 0 000
633 0 0 000
634 1 9 840
635 0 0 000
636 0 0 000
637 0 0 000
638 0 0 000
639 0 0 000
63a 0 0 000
63b 0 0 000
63c 0 0 000
63d 1 6 300
63e 1 7 480
63f 0 0 000
640 0 0 000
641 0 0 000
642 0 0 000
643 0 0 000
644 0 0 000
645 0 0 000
646 0 0 000
647 0 0 000
648 0 0 000
649 0 0 000
64a 0 0 000
64b 0 0 000
64c 1 5 180
64d 0 0 000
64e 0 0 000
64f 0 0 000
650 0 0 000
651 0 0 000
652 0 0 000
653 0 0 000
654 1 9 820
655 0 0 000
656 0 0 000
657 1 2 500
658 0 0 000
659 0 0 000
65a 0 0 000
65b 0 0 000
65c 0 0 000
65d 0 0 000
65e 0 0 000
65f 0 0 000
660 0 0 000
661 0 0 000
662 0 0 000
663 0 0 000
664 1 9 810
665 0 0 000
666 0 0 000
667 1 1 280
668 0 0 000
669 0 0 000
66a 0 0 000
66b 0 0 000
66c 0 0 000
66d 0 0 000
66e 0 0 000
66f 0 0 000
670 1 9 804
671 0 0 000
672 0 0 000
673 0 0 000
674 1 9 800
675 1 9 801
676 1 9 802
677 0 0 000
678 0 0 000
679 0 0 000
67a 0 0 000
67b 0 0 000
67c 1 9 808
67d 0 0 000
67e 0 0 000
67f 0 0 000
680 0 0 000
681 0 0 000
682 0 0 000
683 0 0 000
684 0 0 000
685 0 0 000
686 0 0 000
687 0 0 000
688 0 0 000
689 1 b 820
68a 0 0 000
68b 0 0 000
68c 1 5 140
68d 0 0 000
68e 0 0 000
68f 0 0 000
690 0 0 000
691 0 0 000
692 0 0 000
693 0 0 000
694 0 0 000
695 0 0 000
696 0 0 000
697 0 0 000
698 0 0 000
699 0 0 000
69a 0 0 000
69b 0 0 000
69c 0 0 000
69d 0 0 000
69e 1 7 420
69f 0 0 000
6a0 0 0 000
6a1 1 b 808
6a2 0 0 000
6a3 0 0 000
6a4 0 0 000
6a5 0 0 000
6a6 0 0 000
6a7 1 1 240
6a8 1 b 801
6a9 1 b 800
6aa 0 0 000
6ab 1 b 802
6ac 0 0 000
6ad 1 b 804
6ae 1 7 410
6af 0 0 000
6b0 0 0 000
6b1 0 0 000
6b2 0 0 000
6b3 0 0 000
6b4 0 0 000
6b5 0 0 000
6b6 1 7 408
6b7 0 0 000
6b8 0 0 000
6b9 1 b 810
6ba 1 7 404
6bb 0 0 000
6bc 1 7 402
6bd 0 0 000
6be 1 7 400
6bf 1 7 401
6c0 0 0 000
6c1 0 0 000
6c2 0 0 000
6c3 0 0 000
6c4 1 5 108
6c5 0 0 000
6c6 0 0 000
6c7 1 1 220
6c8 1 5 104
6c9 0 0 000
6ca 0 0 000
6cb 0 0 000
6cc 1 5 100
6cd 1 5 101
6ce 1 5 102
6cf 0 0 000
6d0 0 0 000
6d1 0 0 000
6d2 0 0 000
6d3 0 0 000
6d4 0 0 000
6d5 0 0 000
6d6 0 0 000
6d7 0 0 000
6d8 0 0 000
6d9 0 0 000
6da 0 0 000
6db 0 0 000
6dc 1 5 110
6dd 0 0 000
6de 0 0 000
6df 0 0 000
6e0 0 0 000
6e1 0 0 000
6e2 0 0 000
6e3 1 1 204
6e4 0 0 000
6e5 1 1 202
6e6 1 1 201
6e7 1 1 200
6e8 0 0 000
6e9 1 b 840
6ea 0 0 000
6eb 0 0 000
6ec 1 5 120
6ed 0 0 000
6ee 0 0 000
6ef 1 1 208
6f0 0 0 000
6f1 0 0 000
6f2 0 0 000
6f3 0 0 000
6f4 1 9 880
6f5 0 0 000
6f6 0 0 000
6f7 1 1 210
6f8 0 0 000
6f9 0 0 000
6fa 0 0 000
6fb 0 0 000
6fc 0 0 000
6fd 0 0 000
6fe 1 7 440
6ff 0 0 000
700 0 0 000
701 0 0 000
702 0 0 000
703 0 0 000
704 0 0 000
705 0 0 000
706 0 0 000
707 0 0 000
708 0 0 000
709 0 0 000
70a 1 a 810
70b 0 0 000
70c 1 5 0c0
70d 0 0 000
70e 0 0 000
70f 0 0 000
710 0 0 000
711 0 0 000
712 1 a 808
713 0 0 000
714 0 0 000
715 0 0 000
716 0 0 000
717 1 2 440
718 1 a 802
719 0 0 000
71a 1 a 800
71b 1 a 801
71c 0 0 000
71d 1 6 220
71e 1 a 804
71f 0 0 000
720 0 0 000
721 0 0 000
722 0 0 000
723 0 0 000
724 0 0 000
725 0 0 000
726 0 0 000
727 0 0 000
728 0 0 000
729 0 0 000
72a 0 0 000
72b 0 0 000
72c 0 0 000
72d 1 6 210
72e 0 0 000
72f 0 0 000
730 0 0 000
731 0 0 000
732 0 0 000
733 0 0 000
734 0 0 000
735 1 6 208
736 0 0 000
737 0 0 000
738 0 0 000
739 1 6 204
73a 1 a 820
73b 0 0 000
73c 1 6 201
73d 1 6 200
73e 0 0 000
73f 1 6 202
740 0 0 000
741 0 0 000
742 0 0 000
743 0 0 000
744 1 5 088
745 0 0 000
746 0 0 000
747 1 2 410
748 1 5 084
749 0 0 000
74a 0 0 000
74b 0 0 000
74c 1 5 080
74d 1 5 081
74e 1 5 082
74f 0 0 000
750 0 0 000
751 0 0 000
752 0 0 000
753 1 2 404
754 0 0 000
755 1 2 402
756 1 2 401
757 1 2 400
758 0 0 000
759 0 0 000
75a 1 a 840
75b 0 0 000
75c 1 5 090
75d 0 0 000
75e 0 0 000
75f 1 2 408
760 0 0 000
761 0 0 000
762 0 0 000
763 0 0 000
764 0 0 000
765 0 0 000
766 0 0 000
767 0 0 000
768 0 0 000
769 0 0 000
76a 0 0 000
76b 0 0 000
76c 1 5 0a0
76d 0 0 000
76e 0 0 000
76f 0 0 000
770 0 0 000
771 0 0 000
772 0 0 000
773 0 0 000
774 1 9 900
775 0 0 000
776 0 0 000
777 1 2 420
778 0 0 000
779 0 0 000
77a 0 0 000
77b 0 0 000
77c 0 0 000
77d 1 6 240
77e 0 0 000
77f 0 0 000
780 0 0 000
781 0 0 000
782 0 0 000
783 0 0 000
784 1 5 048
785 0 0 000
786 0 0 000
787 0 0 000
788 1 5 044
789 0 0 000
78a 0 0 000
78b 0 0 000
78c 1 5 040
78d 1 5 041
78e 1 5 042
78f 0 0 000
790 0 0 000
791 0 0 000
792 0 0 000
793 0 0 000
794 0 0 000
795 0 0 000
796 0 0 000
797 0 0 000
798 0 0 000
799 0 0 000
79a 1 a 880
79b 0 0 000
79c 1 5 050
79d 0 0 000
79e 0 0 000
79f 0 0 000
7a0 0 0 000
7a1 0 0 000
7a2 0 0 000
7a3 0 0 000
7a4 0 0 000
7a5 0 0 000
7a6 0 0 000
7a7 0 0 000
7a8 0 0 000
7a9 1 b 900
7aa 0 0 000
7ab 0 0 000
7ac 1 5 060
7ad 0 0 000
7ae 0 0 000
7af 0 0 000
7b0 0 0 000
7b1 0 0 000
7b2 0 0 000
7b3 0 0 000
7b4 0 0 000
7b5 0 0 000
7b6 0 0 000
7b7 0 0 000
7b8 0 0 000
7b9 0 0 000
7ba 0 0 000
7bb 0 0 000
7bc 0 0 000
7bd 1 6 280
7be 1 7 500
7bf 0 0 000
7c0 1 5 00c
7c1 0 0 000
7c2 0 0 000
7c3 0 0 000
7c4 1 5 008
7c5 1 5 009
7c6 1 5 00a
7c7 0 0 000
7c8 1 5 004
7c9 1 5 005
7ca 1 5 006
7cb 0 0 000
7cc 1 5 000
7cd 1 5 001
7ce 1 5 002
7cf 1 5 003
7d0 0 0 000
7d1 1 4 a00
7d2 0 0 000
7d3 0 0 000
7d4 1 5 018
7d5 0 0 000
7d6 0 0 000
7d7 1 2 480
7d8 1 5 014
7d9 0 0 000
7da 0 0 000
7db 0 0 000
7dc 1 5 010
7dd 1 5 011
7de 1 5 012
7df 0 0 000
7e0 0 0 000
7e1 0 0 000
7e2 1 3 c00
7e3 0 0 000
7e4 1 5 028
7e5 0 0 000
7e6 0 0 000
7e7 1 1 300
7e8 1 5 024
7e9 0 0 000
7ea 0 0 000
7eb 0 0 000
7ec 1 5 020
7ed 1 5 021
7ee 1 5 022
7ef 0 0 000
7f0 0 0 000
7f1 0 0 000
7f2 0 0 000
7f3 0 0 000
7f4 0 0 000
7f5 0 0 000
7f6 0 0 000
7f7 0 0 000
7f8 0 0 000
7f9 0 0 000
7fa 0 0 000
7fb 0 0 000
7fc 1 5 030
7fd 0 0 000
7fe 0 0 000
7ff 0 0 000
800 0 0 000
801 0 0 000
802 0 0 000
803 0 0 000
804 0 0 000
805 0 0 000
806 0 0 000
807 0 0 000
808 0 0 000
809 0 0 000
80a 0 0 000
80b 0 0 000
80c 0 0 000
80d 0 0 000
80e 0 0 000
80f 1 0 180
810 0 0 000
811 0 0 000
812 0 0 000
813 0 0 000
814 0 0 000
815 0 0 000
816 0 0 000
817 0 0 000
818 0 0 000
819 0 0 000
81a 0 0 000
81b 1 8 060
81c 0 0 000
81d 0 0 000
81e 0 0 000
81f 0 0 000
820 0 0 000
821 0 0 000
822 0 0 000
823 0 0 000
824 0 0 000
825 0 0 000
826 0 0 000
827 0 0 000
828 0 0 000
829 0 0 000
82a 0 0 000
82b 1 8 050
82c 0 0 000
82d 0 0 000
82e 0 0 000
82f 0 0 000
830 0 0 000
831 0 0 000
832 0 0 000
833 1 8 048
834 0 0 000
835 0 0 000
836 0 0 000
837 0 0 000
838 0 0 000
839 1 8 042
83a 1 8 041
83b 1 8 040
83c 0 0 000
83d 0 0 000
83e 0 0 000
83f 1 8 044
840 0 0 000
841 0 0 000
842 0 0 000
843 0 0 000
844 0 0 000
845 0 0 000
846 0 0 000
847 0 0 000
848 0 0 000
849 0 0 000
84a 0 0 000
84b 1 8 030
84c 0 0 000
84d 0 0 000
84e 0 0 000
84f 0 0 000
850 0 0 000
851 0 0 000
852 0 0 000
853 1 8 028
854 0 0 000
855 0 0 000
856 0 0 000
857 0 0 000
858 0 0 000
859 1 8 022
85a 1 8 021
85b 1 8 020
85c 0 0 000
85d 0 0 000
85e 0 0 000
85f 1 8 024
860 0 0 000
861 0 0 000
862 0 0 000
863 1 8 018
864 0 0 000
865 0 0 000
866 0 0 000
867 0 0 000
868 0 0 000
869 1 8 012
86a 1 8 011
86b 1 8 010
86c 0 0 000
86d 0 0 000
86e 0 0 000
86f 1 8 014
870 0 0 000
871 1 8 00a
872 1 8 009
873 1 8 008
874 1 9 600
875 0 0 000
876 0 0 000
877 1 8 00c
878 1 8 003
879 1 8 002
87a 1 8 001
87b 1 8 000
87c 0 0 000
87d 1 8 006
87e 1 8 005
87f 1 8 004
880 0 0 000
881 0 0 000
882 0 0 000
883 0 0 000
884 0 0 000
885 0 0 000
886 0 0 000
887 1 0 108
888 0 0 000
889 0 0 000
88a 0 0 000
88b 1 0 104
88c 0 0 000
88d 1 0 102
88e 1 0 101
88f 1 0 100
890 0 0 000
891 0 0 000
892 0 0 000
893 0 0 000
894 0 0 000
895 0 0 000
896 0 0 000
897 0 0 000
898 0 0 000
899 0 0 000
89a 0 0 000
89b 0 0 000
89c 0 0 000
89d 0 0 000
89e 0 0 000
89f 1 0 110
8a0 0 0 000
8a1 0 0 000
8a2 0 0 000
8a3 0 0 000
8a4 0 0 000
8a5 0 0 000
8a6 0 0 000
8a7 0 0 000
8a8 0 0 000
8a9 1 b 600
8aa 0 0 000
8ab 0 0 000
8ac 0 0 000
8ad 0 0 000
8ae 0 0 000
8af 1 0 120
8b0 0 0 000
8b1 0 0 000
8b2 0 0 000
8b3 0 0 000
8b4 0 0 000
8b5 0 0 000
8b6 0 0 000
8b7 0 0 000
8b8 0 0 000
8b9 0 0 000
8ba 0 0 000
8bb 1 8 0c0
8bc 0 0 000
8bd 0 0 000
8be 1 7 a00
8bf 0 0 000
8c0 0 0 000
8c1 0 0 000
8c2 0 0 000
8c3 0 0 000
8c4 0 0 000
8c5 0 0 000
8c6 0 0 000
8c7 0 0 000
8c8 0 0 000
8c9 0 0 000
8ca 0 0 000
8cb 0 0 000
8cc 0 0 000
8cd 0 0 000
8ce 0 0 000
8cf 1 0 140
8d0 0 0 000
8d1 1 4 500
8d2 0 0 000
8d3 0 0 000
8d4 0 0 000
8d5 0 0 000
8d6 0 0 000
8d7 0 0 000
8d8 0 0 000
8d9 0 0 000
8da 0 0 000
8db 1 8 0a0
8dc 0 0 000
8dd 0 0 000
8de 0 0 000
8df 0 0 000
8e0 0 0 000
8e1 0 0 000
8e2 1 3 300
8e3 0 0 000
8e4 0 0 000
8e5 0 0 000
8e6 0 0 000
8e7 1 1 c00
8e8 0 0 000
8e9 0 0 000
8ea 0 0 000
8eb 1 8 090
8ec 0 0 000
8ed 0 0 000
8ee 0 0 000
8ef 0 0 000
8f0 0 0 000
8f1 0 0 000
8f2 0 0 000
8f3 1 8 088
8f4 0 0 000
8f5 0 0 000
8f6 0 0 000
8f7 0 0 000
8f8 0 0 000
8f9 1 8 082
8fa 1 8 081
8fb 1 8 080
8fc 0 0 000
8fd 0 0 000
8fe 0 0 000
8ff 1 8 084
900 0 0 000
901 0 0 000
902 0 0 000
903 0 0 000
904 0 0 000
905 0 0 000
906 0 0 000
907 1 0 088
908 0 0 000
909 0 0 000
90a 0 0 000
90b 1 0 084
90c 0 0 000
90d 1 0 082
90e 1 0 081
90f 1 0 080
910 0 0 000
911 0 0 000
912 0 0 000
913 0 0 000
914 0 0 000
915 0 0 000
916 0 0 000
917 0 0 000
918 0 0 000
919 0 0 000
91a 1 a 600
91b 0 0 000
91c 0 0 000
91d 0 0 000
91e 0 0 000
91f 1 0 090
920 0 0 000
921 0 0 000
922 0 0 000
923 0 0 000
924 0 0 000
925 0 0 000
926 0 0 000
927 0 0 000
928 0 0 000
929 0 0 000
92a 0 0 000
92b 0 0 000
92c 0 0 000
92d 0 0 000
92e 0 0 000
92f 1 0 0a0
930 0 0 000
931 0 0 000
932 0 0 000
933 0 0 000
934 0 0 000
935 0 0 000
936 0 0 000
937 0 0 000
938 0 0 000
939 0 0 000
93a 0 0 000
93b 1 8 140
93c 0 0 000
93d 1 6 c00
93e 0 0 000
93f 0 0 000
940 0 0 000
941 0 0 000
942 0 0 000
943 0 0 000
944 0 0 000
945 0 0 000
946 0 0 000
947 0 0 000
948 0 0 000
949 0 0 000
94a 0 0 000
94b 0 0 000
94c 0 0 000
94d 0 0 000
94e 0 0 000
94f 1 0 0c0
950 0 0 000
951 1 4 480
952 0 0 000
953 0 0 000
954 0 0 000
955 0 0 000
956 0 0 000
957 1 2 a00
958 0 0 000
959 0 0 000
95a 0 0 000
95b 1 8 120
95c 0 0 000
95d 0 0 000
95e 0 0 000
95f 0 0 000
960 0 0 000
961 0 0 000
962 1 3 280
963 0 0 000
964 0 0 000
965 0 0 000
966 0 0 000
967 0 0 000
968 0 0 000
969 0 0 000
96a 0 0 000
96b 1 8 110
96c 0 0 000
96d 0 0 000
96e 0 0 000
96f 0 0 000
970 0 0 000
971 0 0 000
972 0 0 000
973 1 8 108
974 0 0 000
975 0 0 000
976 0 0 000
977 0 0 000
978 0 0 000
979 1 8 102
97a 1 8 101
97b 1 8 100
97c 0 0 000
97d 0 0 000
97e 0 0 000
97f 1 8 104
980 0 0 000
981 0 0 000
982 0 0 000
983 1 0 00c
984 0 0 000
985 1 0 00a
986 1 0 009
987 1 0 008
988 0 0 000
989 1 0 006
98a 1 0 005
98b 1 0 004
98c 1 0 003
98d 1 0 002
98e 1 0 001
98f 1 0 000
990 0 0 000
991 1 4 440
992 0 0 000
993 0 0 000
994 0 0 000
995 0 0 000
996 0 0 000
997 1 0 018
998 0 0 000
999 0 0 000
99a 0 0 000
99b 1 0 014
99c 0 0 000
99d 1 0 012
99e 1 0 011
99f 1 0 010
9a0 0 0 000
9a1 0 0 000
9a2 1 3 240
9a3 0 0 000
9a4 0 0 000
9a5 0 0 000
9a6 0 0 000
9a7 1 0 028
9a8 0 0 000
9a9 0 0 000
9aa 0 0 000
9ab 1 0 024
9ac 0 0 000
9ad 1 0 022
9ae 1 0 021
9af 1 0 020
9b0 0 0 000
9b1 0 0 000
9b2 0 0 000
9b3 0 0 000
9b4 0 0 000
9b5 0 0 000
9b6 0 0 000
9b7 0 0 000
9b8 0 0 000
9b9 0 0 000
9ba 0 0 000
9bb 0 0 000
9bc 0 0 000
9bd 0 0 000
9be 0 0 000
9bf 1 0 030
9c0 0 0 000
9c1 1 4 410
9c2 1 3 220
9c3 0 0 000
9c4 0 0 000
9c5 0 0 000
9c6 0 0 000
9c7 1 0 048
9c8 0 0 000
9c9 0 0 000
9ca 0 0 000
9cb 1 0 044
9cc 0 0 000
9cd 1 0 042
9ce 1 0 041
9cf 1 0 040
9d0 1 4 401
9d1 1 4 400
9d2 0 0 000
9d3 1 4 402
9d4 0 0 000
9d5 1 4 404
9d6 0 0 000
9d7 0 0 000
9d8 0 0 000
9d9 1 4 408
9da 0 0 000
9db 0 0 000
9dc 0 0 000
9dd 0 0 000
9de 0 0 000
9df 1 0 050
9e0 1 3 202
9e1 0 0 000
9e2 1 3 200
9e3 1 3 201
9e4 0 0 000
9e5 0 0 000
9e6 1 3 204
9e7 0 0 000
9e8 0 0 000
9e9 0 0 000
9ea 1 3 208
9eb 0 0 000
9ec 0 0 000
9ed 0 0 000
9ee 0 0 000
9ef 1 0 060
9f0 0 0 000
9f1 1 4 420
9f2 1 3 210
9f3 0 0 000
9f4 0 0 000
9f5 0 0 000
9f6 0 0 000
9f7 0 0 000
9f8 0 0 000
9f9 0 0 000
9fa 0 0 000
9fb 1 8 180
9fc 0 0 000
9fd 0 0 000
9fe 0 0 000
9ff 0 0 000
a00 0 0 000
a01 0 0 000
a02 0 0 000
a03 0 0 000
a04 0 0 000
a05 0 0 000
a06 0 0 000
a07 0 0 000
a08 0 0 000
a09 0 0 000
a0a 0 0 000
a0b 0 0 000
a0c 0 0 000
a0d 0 0 000
a0e 0 0 000
a0f 0 0 000
a10 0 0 000
a11 0 0 000
a12 0 0 000
a13 0 0 000
a14 0 0 000
a15 0 0 000
a16 0 0 000
a17 0 0 000
a18 0 0 000
a19 0 0 000
a1a 1 a 500
a1b 0 0 000
a1c 0 0 000
a1d 0 0 000
a1e 0 0 000
a1f 0 0 000
a20 0 0 000
a21 0 0 000
a22 0 0 000
a23 0 0 000
a24 0 0 000
a25 0 0 000
a26 0 0 000
a27 0 0 000
a28 0 0 000
a29 1 b 480
a2a 0 0 000
a2b 0 0 000
a2c 0 0 000
a2d 0 0 000
a2e 0 0 000
a2f 0 0 000
a30 0 0 000
a31 0 0 000
a32 0 0 000
a33 0 0 000
a34 1 9 440
a35 0 0 000
a36 0 0 000
a37 0 0 000
a38 0 0 000
a39 0 0 000
a3a 0 0 000
a3b 1 8 240
a3c 0 0 000
a3d 0 0 000
a3e 1 7 880
a3f 0 0 000
a40 0 0 000
a41 0 0 000
a42 0 0 000
a43 0 0 000
a44 0 0 000
a45 0 0 000
a46 0 0 000
a47 0 0 000
a48 0 0 000
a49 0 0 000
a4a 0 0 000
a4b 0 0 000
a4c 0 0 000
a4d 0 0 000
a4e 0 0 000
a4f 0 0 000
a50 0 0 000
a51 0 0 000
a52 0 0 000
a53 0 0 000
a54 1 9 420
a55 0 0 000
a56 0 0 000
a57 1 2 900
a58 0 0 000
a59 0 0 000
a5a 0 0 000
a5b 1 8 220
a5c 0 0 000
a5d 0 0 000
a5e 0 0 000
a5f 0 0 000
a60 0 0 000
a61 0 0 000
a62 1 3 180
a63 0 0 000
a64 1 9 410
a65 0 0 000
a66 0 0 000
a67 0 0 000
a68 0 0 000
a69 0 0 000
a6a 0 0 000
a6b 1 8 210
a6c 0 0 000
a6d 0 0 000
a6e 0 0 000
a6f 0 0 000
a70 1 9 404
a71 0 0 000
a72 0 0 000
a73 1 8 208
a74 1 9 400
a75 1 9 401
a76 1 9 402
a77 0 0 000
a78 0 0 000
a79 1 8 202
a7a 1 8 201
a7b 1 8 200
a7c 1 9 408
a7d 0 0 000
a7e 0 0 000
a7f 1 8 204
a80 0 0 000
a81 0 0 000
a82 0 0 000
a83 0 0 000
a84 0 0 000
a85 0 0 000
a86 0 0 000
a87 0 0 000
a88 0 0 000
a89 1 b 420
a8a 0 0 000
a8b 0 0 000
a8c 0 0 000
a8d 0 0 000
a8e 0 0 000
a8f 1 0 300
a90 0 0 000
a91 0 0 000
a92 0 0 000
a93 0 0 000
a94 0 0 000
a95 0 0 000
a96 0 0 000
a97 0 0 000
a98 0 0 000
a99 0 0 000
a9a 0 0 000
a9b 0 0 000
a9c 0 0 000
a9d 0 0 000
a9e 1 7 820
a9f 0 0 000
aa0 0 0 000
aa1 1 b 408
aa2 1 3 140
aa3 0 0 000
aa4 0 0 000
aa5 0 0 000
aa6 0 0 000
aa7 0 0 000
aa8 1 b 401
aa9 1 b 400
aaa 0 0 000
aab 1 b 402
aac 0 0 000
aad 1 b 404
aae 1 7 810
aaf 0 0 000
ab0 0 0 000
ab1 0 0 000
ab2 0 0 000
ab3 0 0 000
ab4 0 0 000
ab5 0 0 000
ab6 1 7 808
ab7 0 0 000
ab8 0 0 000
ab9 1 b 410
aba 1 7 804
abb 0 0 000
abc 1 7 802
abd 0 0 000
abe 1 7 800
abf 1 7 801
ac0 0 0 000
ac1 0 0 000
ac2 1 3 120
ac3 0 0 000
ac4 0 0 000
ac5 0 0 000
ac6 0 0 000
ac7 0 0 000
ac8 0 0 000
ac9 0 0 000
aca 0 0 000
acb 0 0 000
acc 0 0 000
acd 0 0 000
ace 0 0 000
acf 0 0 000
ad0 0 0 000
ad1 0 0 000
ad2 0 0 000
ad3 0 0 000
ad4 0 0 000
ad5 0 0 000
ad6 0 0 000
ad7 0 0 000
ad8 0 0 000
ad9 0 0 000
ada 0 0 000
adb 0 0 000
adc 0 0 000
add 0 0 000
ade 0 0 000
adf 0 0 000
ae0 1 3 102
ae1 0 0 000
ae2 1 3 100
ae3 1 3 101
ae4 0 0 000
ae5 0 0 000
ae6 1 3 104
ae7 0 0 000
ae8 0 0 000
ae9 1 b 440
aea 1 3 108
aeb 0 0 000
aec 0 0 000
aed 0 0 000
aee 0 0 000
aef 0 0 000
af0 0 0 000
af1 0 0 000
af2 1 3 110
af3 0 0 000
af4 1 9 480
af5 0 0 000
af6 0 0 000
af7 0 0 000
af8 0 0 000
af9 0 0 000
afa 0 0 000
afb 1 8 280
afc 0 0 000
afd 0 0 000
afe 1 7 840
aff 0 0 000
b00 0 0 000
b01 0 0 000
b02 0 0 000
b03 0 0 000
b04 0 0 000
b05 0 0 000
b06 0 0 000
b07 0 0 000
b08 0 0 000
b09 0 0 000
b0a 1 a 410
b0b 0 0 000
b0c 0 0 000
b0d 0 0 000
b0e 0 0 000
b0f 1 0 280
b10 0 0 000
b11 0 0 000
b12 1 a 408
b13 0 0 000
b14 0 0 000
b15 0 0 000
b16 0 0 000
b17 1 2 840
b18 1 a 402
b19 0 0 000
b1a 1 a 400
b1b 1 a 401
b1c 0 0 000
b1d 0 0 000
b1e 1 a 404
b1f 0 0 000
b20 0 0 000
b21 0 0 000
b22 1 3 0c0
b23 0 0 000
b24 0 0 000
b25 0 0 000
b26 0 0 000
b27 0 0 000
b28 0 0 000
b29 0 0 000
b2a 0 0 000
b2b 0 0 000
b2c 0 0 000
b2d 0 0 000
b2e 0 0 000
b2f 0 0 000
b30 0 0 000
b31 0 0 000
b32 0 0 000
b33 0 0 000
b34 0 0 000
b35 0 0 000
b36 0 0 000
b37 0 0 000
b38 0 0 000
b39 0 0 000
b3a 1 a 420
b3b 0 0 000
b3c 0 0 000
b3d 0 0 000
b3e 0 0 000
b3f 0 0 000
b40 0 0 000
b41 0 0 000
b42 1 3 0a0
b43 0 0 000
b44 0 0 000
b45 0 0 000
b46 0 0 000
b47 1 2 810
b48 0 0 000
b49 0 0 000
b4a 0 0 000
b4b 0 0 000
b4c 0 0 000
b4d 0 0 000
b4e 0 0 000
b4f 0 0 000
b50 0 0 000
b51 0 0 000
b52 0 0 000
b53 1 2 804
b54 0 0 000
b55 1 2 802
b56 1 2 801
b57 1 2 800
b58 0 0 000
b59 0 0 000
b5a 1 a 440
b5b 0 0 000
b5c 0 0 000
b5d 0 0 000
b5e 0 0 000
b5f 1 2 808
b60 1 3 082
b61 0 0 000
b62 1 3 080
b63 1 3 081
b64 0 0 000
b65 0 0 000
b66 1 3 084
b67 0 0 000
b68 0 0 000
b69 0 0 000
b6a 1 3 088
b6b 0 0 000
b6c 0 0 000
b6d 0 0 000
b6e 0 0 000
b6f 0 0 000
b70 0 0 000
b71 0 0 000
b72 1 3 090
b73 0 0 000
b74 1 9 500
b75 0 0 000
b76 0 0 000
b77 1 2 820
b78 0 0 000
b79 0 0 000
b7a 0 0 000
b7b 1 8 300
b7c 0 0 000
b7d 0 0 000
b7e 0 0 000
b7f 0 0 000
b80 0 0 000
b81 0 0 000
b82 1 3 060
b83 0 0 000
b84 0 0 000
b85 0 0 000
b86 0 0 000
b87 1 0 208
b88 0 0 000
b89 0 0 000
b8a 0 0 000
b8b 1 0 204
b8c 0 0 000
b8d 1 0 202
b8e 1 0 201
b8f 1 0 200
b90 0 0 000
b91 0 0 000
b92 0 0 000
b93 0 0 000
b94 0 0 000
b95 0 0 000
b96 0 0 000
b97 0 0 000
b98 0 0 000
b99 0 0 000
b9a 1 a 480
b9b 0 0 000
b9c 0 0 000
b9d 0 0 000
b9e 0 0 000
b9f 1 0 210
ba0 1 3 042
ba1 0 0 000
ba2 1 3 040
ba3 1 3 041
ba4 0 0 000
ba5 0 0 000
ba6 1 3 044
ba7 0 0 000
ba8 0 0 000
ba9 1 b 500
baa 1 3 048
bab 0 0 000
bac 0 0 000
bad 0 0 000
bae 0 0 000
baf 1 0 220
bb0 0 0 000
bb1 0 0 000
bb2 1 3 050
bb3 0 0 000
bb4 0 0 000
bb5 0 0 000
bb6 0 0 000
bb7 0 0 000
bb8 0 0 000
bb9 0 0 000
bba 0 0 000
bbb 0 0 000
bbc 0 0 000
bbd 0 0 000
bbe 1 7 900
bbf 0 0 000
bc0 1 3 022
bc1 0 0 000
bc2 1 3 020
bc3 1 3 021
bc4 0 0 000
bc5 0 0 000
bc6 1 3 024
bc7 0 0 000
bc8 0 0 000
bc9 0 0 000
bca 1 3 028
bcb 0 0 000
bcc 1 5 c00
bcd 0 0 000
bce 0 0 000
bcf 1 0 240
bd0 0 0 000
bd1 1 4 600
bd2 1 3 030
bd3 0 0 000
bd4 0 0 000
bd5 0 0 000
bd6 0 0 000
bd7 1 2 880
bd8 0 0 000
bd9 0 0 000
bda 0 0 000
bdb 0 0 000
bdc 0 0 000
bdd 0 0 000
bde 0 0 000
bdf 0 0 000
be0 1 3 002
be1 1 3 003
be2 1 3 000
be3 1 3 001
be4 1 3 006
be5 0 0 000
be6 1 3 004
be7 1 3 005
be8 1 3 00a
be9 0 0 000
bea 1 3 008
beb 1 3 009
bec 0 0 000
bed 0 0 000
bee 1 3 00c
bef 0 0 000
bf0 1 3 012
bf1 0 0 000
bf2 1 3 010
bf3 1 3 011
bf4 0 0 000
bf5 0 0 000
bf6 1 3 014
bf7 0 0 000
bf8 0 0 000
bf9 0 0 000
bfa 1 3 018
bfb 0 0 000
bfc 0 0 000
bfd 0 0 000
bfe 0 0 000
bff 0 0 000
c00 0 0 000
c01 0 0 000
c02 0 0 000
c03 0 0 000
c04 0 0 000
c05 0 0 000
c06 0 0 000
c07 0 0 000
c08 0 0 000
c09 0 0 000
c0a 0 0 000
c0b 0 0 000
c0c 0 0 000
c0d 0 0 000
c0e 0 0 000
c0f 0 0 000
c10 0 0 000
c11 0 0 000
c12 0 0 000
c13 0 0 000
c14 0 0 000
c15 0 0 000
c16 0 0 000
c17 0 0 000
c18 0 0 000
c19 0 0 000
c1a 1 a 300
c1b 0 0 000
c1c 0 0 000
c1d 0 0 000
c1e 0 0 000
c1f 0 0 000
c20 0 0 000
c21 0 0 000
c22 0 0 000
c23 0 0 000
c24 0 0 000
c25 0 0 000
c26 0 0 000
c27 0 0 000
c28 0 0 000
c29 1 b 280
c2a 0 0 000
c2b 0 0 000
c2c 0 0 000
c2d 0 0 000
c2e 0 0 000
c2f 0 0 000
c30 0 0 000
c31 0 0 000
c32 0 0 000
c33 0 0 000
c34 1 9 240
c35 0 0 000
c36 0 0 000
c37 0 0 000
c38 0 0 000
c39 0 0 000
c3a 0 0 000
c3b 1 8 440
c3c 0 0 000
c3d 1 6 900
c3e 0 0 000
c3f 0 0 000
c40 0 0 000
c41 0 0 000
c42 0 0 000
c43 0 0 000
c44 0 0 000
c45 0 0 000
c46 0 0 000
c47 0 0 000
c48 0 0 000
c49 0 0 000
c4a 0 0 000
c4b 0 0 000
c4c 0 0 000
c4d 0 0 000
c4e 0 0 000
c4f 0 0 000
c50 0 0 000
c51 1 4 180
c52 0 0 000
c53 0 0 000
c54 1 9 220
c55 0 0 000
c56 0 0 000
c57 0 0 000
c58 0 0 000
c59 0 0 000
c5a 0 0 000
c5b 1 8 420
c5c 0 0 000
c5d 0 0 000
c5e 0 0 000
c5f 0 0 000
c60 0 0 000
c61 0 0 000
c62 0 0 000
c63 0 0 000
c64 1 9 210
c65 0 0 000
c66 0 0 000
c67 1 1 880
c68 0 0 000
c69 0 0 000
c6a 0 0 000
c6b 1 8 410
c6c 0 0 000
c6d 0 0 000
c6e 0 0 000
c6f 0 0 000
c70 1 9 204
c71 0 0 000
c72 0 0 000
c73 1 8 408
c74 1 9 200
c75 1 9 201
c76 1 9 202
c77 0 0 000
c78 0 0 000
c79 1 8 402
c7a 1 8 401
c7b 1 8 400
c7c 1 9 208
c7d 0 0 000
c7e 0 0 000
c7f 1 8 404
c80 0 0 000
c81 0 0 000
c82 0 0 000
c83 0 0 000
c84 0 0 000
c85 0 0 000
c86 0 0 000
c87 0 0 000
c88 0 0 000
c89 1 b 220
c8a 0 0 000
c8b 0 0 000
c8c 0 0 000
c8d 0 0 000
c8e 0 0 000
c8f 1 0 500
c90 0 0 000
c91 1 4 140
c92 0 0 000
c93 0 0 000
c94 0 0 000
c95 0 0 000
c96 0 0 000
c97 0 0 000
c98 0 0 000
c99 0 0 000
c9a 0 0 000
c9b 0 0 000
c9c 0 0 000
c9d 0 0 000
c9e 0 0 000
c9f 0 0 000
ca0 0 0 000
ca1 1 b 208
ca2 0 0 000
ca3 0 0 000
ca4 0 0 000
ca5 0 0 000
ca6 0 0 000
ca7 1 1 840
ca8 1 b 201
ca9 1 b 200
caa 0 0 000
cab 1 b 202
cac 0 0 000
cad 1 b 204
cae 0 0 000
caf 0 0 000
cb0 0 0 000
cb1 0 0 000
cb2 0 0 000
cb3 0 0 000
cb4 0 0 000
cb5 0 0 000
cb6 0 0 000
cb7 0 0 000
cb8 0 0 000
cb9 1 b 210
cba 0 0 000
cbb 0 0 000
cbc 0 0 000
cbd 0 0 000
cbe 0 0 000
cbf 0 0 000
cc0 0 0 000
cc1 1 4 110
cc2 0 0 000
cc3 0 0 000
cc4 0 0 000
cc5 0 0 000
cc6 0 0 000
cc7 1 1 820
cc8 0 0 000
cc9 0 0 000
cca 0 0 000
ccb 0 0 000
ccc 0 0 000
ccd 0 0 000
cce 0 0 000
ccf 0 0 000
cd0 1 4 101
cd1 1 4 100
cd2 0 0 000
cd3 1 4 102
cd4 0 0 000
cd5 1 4 104
cd6 0 0 000
cd7 0 0 000
cd8 0 0 000
cd9 1 4 108
cda 0 0 000
cdb 0 0 000
cdc 0 0 000
cdd 0 0 000
cde 0 0 000
cdf 0 0 000
ce0 0 0 000
ce1 0 0 000
ce2 0 0 000
ce3 1 1 804
ce4 0 0 000
ce5 1 1 802
ce6 1 1 801
ce7 1 1 800
ce8 0 0 000
ce9 1 b 240
cea 0 0 000
ceb 0 0 000
cec 0 0 000
ced 0 0 000
cee 0 0 000
cef 1 1 808
cf0 0 0 000
cf1 1 4 120
cf2 0 0 000
cf3 0 0 000
cf4 1 9 280
cf5 0 0 000
cf6 0 0 000
cf7 1 1 810
cf8 0 0 000
cf9 0 0 000
cfa 0 0 000
cfb 1 8 480
cfc 0 0 000
cfd 0 0 000
cfe 0 0 000
cff 0 0 000
d00 0 0 000
d01 0 0 000
d02 0 0 000
d03 0 0 000
d04 0 0 000
d05 0 0 000
d06 0 0 000
d07 0 0 000
d08 0 0 000
d09 0 0 000
d0a 1 a 210
d0b 0 0 000
d0c 0 0 000
d0d 0 0 000
d0e 0 0 000
d0f 1 0 480
d10 0 0 000
d11 1 4 0c0
d12 1 a 208
d13 0 0 000
d14 0 0 000
d15 0 0 000
d16 0 0 000
d17 0 0 000
d18 1 a 202
d19 0 0 000
d1a 1 a 200
d1b 1 a 201
d1c 0 0 000
d1d 1 6 820
d1e 1 a 204
d1f 0 0 000
d20 0 0 000
d21 0 0 000
d22 0 0 000
d23 0 0 000
d24 0 0 000
d25 0 0 000
d26 0 0 000
d27 0 0 000
d28 0 0 000
d29 0 0 000
d2a 0 0 000
d2b 0 0 000
d2c 0 0 000
d2d 1 6 810
d2e 0 0 000
d2f 0 0 000
d30 0 0 000
d31 0 0 000
d32 0 0 000
d33 0 0 000
d34 0 0 000
d35 1 6 808
d36 0 0 000
d37 0 0 000
d38 0 0 000
d39 1 6 804
d3a 1 a 220
d3b 0 0 000
d3c 1 6 801
d3d 1 6 800
d3e 0 0 000
d3f 1 6 802
d40 0 0 000
d41 1 4 090
d42 0 0 000
d43 0 0 000
d44 0 0 000
d45 0 0 000
d46 0 0 000
d47 0 0 000
d48 0 0 000
d49 0 0 000
d4a 0 0 000
d4b 0 0 000
d4c 0 0 000
d4d 0 0 000
d4e 0 0 000
d4f 0 0 000
d50 1 4 081
d51 1 4 080
d52 0 0 000
d53 1 4 082
d54 0 0 000
d55 1 4 084
d56 0 0 000
d57 0 0 000
d58 0 0 000
d59 1 4 088
d5a 1 a 240
d5b 0 0 000
d5c 0 0 000
d5d 0 0 000
d5e 0 0 000
d5f 0 0 000
d60 0 0 000
d61 0 0 000
d62 0 0 000
d63 0 0 000
d64 0 0 000
d65 0 0 000
d66 0 0 000
d67 0 0 000
d68 0 0 000
d69 0 0 000
d6a 0 0 000
d6b 0 0 000
d6c 0 0 000
d6d 0 0 000
d6e 0 0 000
d6f 0 0 000
d70 0 0 000
d71 1 4 0a0
d72 0 0 000
d73 0 0 000
d74 1 9 300
d75 0 0 000
d76 0 0 000
d77 0 0 000
d78 0 0 000
d79 0 0 000
d7a 0 0 000
d7b 1 8 500
d7c 0 0 000
d7d 1 6 840
d7e 0 0 000
d7f 0 0 000
d80 0 0 000
d81 1 4 050
d82 0 0 000
d83 0 0 000
d84 0 0 000
d85 0 0 000
d86 0 0 000
d87 1 0 408
d88 0 0 000
d89 0 0 000
d8a 0 0 000
d8b 1 0 404
d8c 0 0 000
d8d 1 0 402
d8e 1 0 401
d8f 1 0 400
d90 1 4 041
d91 1 4 040
d92 0 0 000
d93 1 4 042
d94 0 0 000
d95 1 4 044
d96 0 0 000
d97 0 0 000
d98 0 0 000
d99 1 4 048
d9a 1 a 280
d9b 0 0 000
d9c 0 0 000
d9d 0 0 000
d9e 0 0 000
d9f 1 0 410
da0 0 0 000
da1 0 0 000
da2 0 0 000
da3 0 0 000
da4 0 0 000
da5 0 0 000
da6 0 0 000
da7 0 0 000
da8 0 0 000
da9 1 b 300
daa 0 0 000
dab 0 0 000
dac 0 0 000
dad 0 0 000
dae 0 0 000
daf 1 0 420
db0 0 0 000
db1 1 4 060
db2 0 0 000
db3 0 0 000
db4 0 0 000
db5 0 0 000
db6 0 0 000
db7 0 0 000
db8 0 0 000
db9 0 0 000
dba 0 0 000
dbb 0 0 000
dbc 0 0 000
dbd 1 6 880
dbe 0 0 000
dbf 0 0 000
dc0 1 4 011
dc1 1 4 010
dc2 0 0 000
dc3 1 4 012
dc4 0 0 000
dc5 1 4 014
dc6 0 0 000
dc7 0 0 000
dc8 0 0 000
dc9 1 4 018
dca 0 0 000
dcb 0 0 000
dcc 1 5 a00
dcd 0 0 000
dce 0 0 000
dcf 1 0 440
dd0 1 4 001
dd1 1 4 000
dd2 1 4 003
dd3 1 4 002
dd4 1 4 005
dd5 1 4 004
dd6 0 0 000
dd7 1 4 006
dd8 1 4 009
dd9 1 4 008
dda 0 0 000
ddb 1 4 00a
ddc 0 0 000
ddd 1 4 00c
dde 0 0 000
ddf 0 0 000
de0 0 0 000
de1 1 4 030
de2 1 3 600
de3 0 0 000
de4 0 0 000
de5 0 0 000
de6 0 0 000
de7 1 1 900
de8 0 0 000
de9 0 0 000
dea 0 0 000
deb 0 0 000
dec 0 0 000
ded 0 0 000
dee 0 0 000
def 0 0 000
df0 1 4 021
df1 1 4 020
df2 0 0 000
df3 1 4 022
df4 0 0 000
df5 1 4 024
df6 0 0 000
df7 0 0 000
df8 0 0 000
df9 1 4 028
dfa 0 0 000
dfb 0 0 000
dfc 0 0 000
dfd 0 0 000
dfe 0 0 000
dff 0 0 000
e00 0 0 000
e01 0 0 000
e02 0 0 000
e03 0 0 000
e04 0 0 000
e05 0 0 000
e06 0 0 000
e07 0 0 000
e08 0 0 000
e09 1 b 0a0
e0a 1 a 110
e0b 0 0 000
e0c 0 0 000
e0d 0 0 000
e0e 0 0 000
e0f 0 0 000
e10 0 0 000
e11 0 0 000
e12 1 a 108
e13 0 0 000
e14 1 9 060
e15 0 0 000
e16 0 0 000
e17 0 0 000
e18 1 a 102
e19 0 0 000
e1a 1 a 100
e1b 1 a 101
e1c 0 0 000
e1d 0 0 000
e1e 1 a 104
e1f 0 0 000
e20 0 0 000
e21 1 b 088
e22 0 0 000
e23 0 0 000
e24 1 9 050
e25 0 0 000
e26 0 0 000
e27 0 0 000
e28 1 b 081
e29 1 b 080
e2a 0 0 000
e2b 1 b 082
e2c 0 0 000
e2d 1 b 084
e2e 0 0 000
e2f 0 0 000
e30 1 9 044
e31 0 0 000
e32 0 0 000
e33 0 0 000
e34 1 9 040
e35 1 9 041
e36 1 9 042
e37 0 0 000
e38 0 0 000
e39 1 b 090
e3a 1 a 120
e3b 0 0 000
e3c 1 9 048
e3d 0 0 000
e3e 0 0 000
e3f 0 0 000
e40 0 0 000
e41 0 0 000
e42 0 0 000
e43 0 0 000
e44 1 9 030
e45 0 0 000
e46 0 0 000
e47 0 0 000
e48 0 0 000
e49 0 0 000
e4a 0 0 000
e4b 0 0 000
e4c 0 0 000
e4d 0 0 000
e4e 0 0 000
e4f 0 0 000
e50 1 9 024
e51 0 0 000
e52 0 0 000
e53 0 0 000
e54 1 9 020
e55 1 9 021
e56 1 9 022
e57 0 0 000
e58 0 0 000
e59 0 0 000
e5a 1 a 140
e5b 0 0 000
e5c 1 9 028
e5d 0 0 000
e5e 0 0 000
e5f 0 0 000
e60 1 9 014
e61 0 0 000
e62 0 0 000
e63 0 0 000
e64 1 9 010
e65 1 9 011
e66 1 9 012
e67 0 0 000
e68 0 0 000
e69 1 b 0c0
e6a 0 0 000
e6b 0 0 000
e6c 1 9 018
e6d 0 0 000
e6e 0 0 000
e6f 0 0 000
e70 1 9 004
e71 1 9 005
e72 1 9 006
e73 0 0 000
e74 1 9 000
e75 1 9 001
e76 1 9 002
e77 1 9 003
e78 1 9 00c
e79 0 0 000
e7a 0 0 000
e7b 1 8 600
e7c 1 9 008
e7d 1 9 009
e7e 1 9 00a
e7f 0 0 000
e80 0 0 000
e81 1 b 028
e82 0 0 000
e83 0 0 000
e84 0 0 000
e85 0 0 000
e86 0 0 000
e87 0 0 000
e88 1 b 021
e89 1 b 020
e8a 0 0 000
e8b 1 b 022
e8c 0 0 000
e8d 1 b 024
e8e 0 0 000
e8f 0 0 000
e90 0 0 000
e91 0 0 000
e92 0 0 000
e93 0 0 000
e94 0 0 000
e95 0 0 000
e96 0 0 000
e97 0 0 000
e98 0 0 000
e99 1 b 030
e9a 1 a 180
e9b 0 0 000
e9c 0 0 000
e9d 0 0 000
e9e 0 0 000
e9f 0 0 000
ea0 1 b 009
ea1 1 b 008
ea2 0 0 000
ea3 1 b 00a
ea4 0 0 000
ea5 1 b 00c
ea6 0 0 000
ea7 0 0 000
ea8 1 b 001
ea9 1 b 000
eaa 1 b 003
eab 1 b 002
eac 1 b 005
ead 1 b 004
eae 0 0 000
eaf 1 b 006
eb0 0 0 000
eb1 1 b 018
eb2 0 0 000
eb3 0 0 000
eb4 1 9 0c0
eb5 0 0 000
eb6 0 0 000
eb7 0 0 000
eb8 1 b 011
eb9 1 b 010
eba 0 0 000
ebb 1 b 012
ebc 0 0 000
ebd 1 b 014
ebe 1 7 c00
ebf 0 0 000
ec0 0 0 000
ec1 0 0 000
ec2 0 0 000
ec3 0 0 000
ec4 0 0 000
ec5 0 0 000
ec6 0 0 000
ec7 0 0 000
ec8 0 0 000
ec9 1 b 060
eca 0 0 000
ecb 0 0 000
ecc 1 5 900
ecd 0 0 000
ece 0 0 000
ecf 0 0 000
ed0 0 0 000
ed1 1 4 300
ed2 0 0 000
ed3 0 0 000
ed4 1 9 0a0
ed5 0 0 000
ed6 0 0 000
ed7 0 0 000
ed8 0 0 000
ed9 0 0 000
eda 0 0 000
edb 0 0 000
edc 0 0 000
edd 0 0 000
ede 0 0 000
edf 0 0 000
ee0 0 0 000
ee1 1 b 048
ee2 1 3 500
ee3 0 0 000
ee4 1 9 090
ee5 0 0 000
ee6 0 0 000
ee7 1 1 a00
ee8 1 b 041
ee9 1 b 040
eea 0 0 000
eeb 1 b 042
eec 0 0 000
eed 1 b 044
eee 0 0 000
eef 0 0 000
ef0 1 9 084
ef1 0 0 000
ef2 0 0 000
ef3 0 0 000
ef4 1 9 080
ef5 1 9 081
ef6 1 9 082
ef7 0 0 000
ef8 0 0 000
ef9 1 b 050
efa 0 0 000
efb 0 0 000
efc 1 9 088
efd 0 0 000
efe 0 0 000
eff 0 0 000
f00 0 0 000
f01 0 0 000
f02 1 a 018
f03 0 0 000
f04 0 0 000
f05 0 0 000
f06 0 0 000
f07 0 0 000
f08 1 a 012
f09 0 0 000
f0a 1 a 010
f0b 1 a 011
f0c 0 0 000
f0d 0 0 000
f0e 1 a 014
f0f 0 0 000
f10 1 a 00a
f11 0 0 000
f12 1 a 008
f13 1 a 009
f14 0 0 000
f15 0 0 000
f16 1 a 00c
f17 0 0 000
f18 1 a 002
f19 1 a 003
f1a 1 a 000
f1b 1 a 001
f1c 1 a 006
f1d 0 0 000
f1e 1 a 004
f1f 1 a 005
f20 0 0 000
f21 0 0 000
f22 0 0 000
f23 0 0 000
f24 0 0 000
f25 0 0 000
f26 0 0 000
f27 0 0 000
f28 0 0 000
f29 1 b 180
f2a 1 a 030
f2b 0 0 000
f2c 0 0 000
f2d 0 0 000
f2e 0 0 000
f2f 0 0 000
f30 0 0 000
f31 0 0 000
f32 1 a 028
f33 0 0 000
f34 1 9 140
f35 0 0 000
f36 0 0 000
f37 0 0 000
f38 1 a 022
f39 0 0 000
f3a 1 a 020
f3b 1 a 021
f3c 0 0 000
f3d 1 6 a00
f3e 1 a 024
f3f 0 0 000
f40 0 0 000
f41 0 0 000
f42 0 0 000
f43 0 0 000
f44 0 0 000
f45 0 0 000
f46 0 0 000
f47 0 0 000
f48 0 0 000
f49 0 0 000
f4a 1 a 050
f4b 0 0 000
f4c 1 5 880
f4d 0 0 000
f4e 0 0 000
f4f 0 0 000
f50 0 0 000
f51 1 4 280
f52 1 a 048
f53 0 0 000
f54 1 9 120
f55 0 0 000
f56 0 0 000
f57 1 2 c00
f58 1 a 042
f59 0 0 000
f5a 1 a 040
f5b 1 a 041
f5c 0 0 000
f5d 0 0 000
f5e 1 a 044
f5f 0 0 000
f60 0 0 000
f61 0 0 000
f62 1 3 480
f63 0 0 000
f64 1 9 110
f65 0 0 000
f66 0 0 000
f67 0 0 000
f68 0 0 000
f69 0 0 000
f6a 0 0 000
f6b 0 0 000
f6c 0 0 000
f6d 0 0 000
f6e 0 0 000
f6f 0 0 000
f70 1 9 104
f71 0 0 000
f72 0 0 000
f73 0 0 000
f74 1 9 100
f75 1 9 101
f76 1 9 102
f77 0 0 000
f78 0 0 000
f79 0 0 000
f7a 1 a 060
f7b 0 0 000
f7c 1 9 108
f7d 0 0 000
f7e 0 0 000
f7f 0 0 000
f80 0 0 000
f81 0 0 000
f82 0 0 000
f83 0 0 000
f84 0 0 000
f85 0 0 000
f86 0 0 000
f87 0 0 000
f88 0 0 000
f89 1 b 120
f8a 1 a 090
f8b 0 0 000
f8c 1 5 840
f8d 0 0 000
f8e 0 0 000
f8f 1 0 600
f90 0 0 000
f91 1 4 240
f92 1 a 088
f93 0 0 000
f94 0 0 000
f95 0 0 000
f96 0 0 000
f97 0 0 000
f98 1 a 082
f99 0 0 000
f9a 1 a 080
f9b 1 a 081
f9c 0 0 000
f9d 0 0 000
f9e 1 a 084
f9f 0 0 000
fa0 0 0 000
fa1 1 b 108
fa2 1 3 440
fa3 0 0 000
fa4 0 0 000
fa5 0 0 000
fa6 0 0 000
fa7 0 0 000
fa8 1 b 101
fa9 1 b 100
faa 0 0 000
fab 1 b 102
fac 0 0 000
fad 1 b 104
fae 0 0 000
faf 0 0 000
fb0 0 0 000
fb1 0 0 000
fb2 0 0 000
fb3 0 0 000
fb4 0 0 000
fb5 0 0 000
fb6 0 0 000
fb7 0 0 000
fb8 0 0 000
fb9 1 b 110
fba 1 a 0a0
fbb 0 0 000
fbc 0 0 000
fbd 0 0 000
fbe 0 0 000
fbf 0 0 000
fc0 0 0 000
fc1 1 4 210
fc2 1 3 420
fc3 0 0 000
fc4 1 5 808
fc5 0 0 000
fc6 0 0 000
fc7 0 0 000
fc8 1 5 804
fc9 0 0 000
fca 0 0 000
fcb 0 0 000
fcc 1 5 800
fcd 1 5 801
fce 1 5 802
fcf 0 0 000
fd0 1 4 201
fd1 1 4 200
fd2 0 0 000
fd3 1 4 202
fd4 0 0 000
fd5 1 4 204
fd6 0 0 000
fd7 0 0 000
fd8 0 0 000
fd9 1 4 208
fda 1 a 0c0
fdb 0 0 000
fdc 1 5 810
fdd 0 0 000
fde 0 0 000
fdf 0 0 000
fe0 1 3 402
fe1 0 0 000
fe2 1 3 400
fe3 1 3 401
fe4 0 0 000
fe5 0 0 000
fe6 1 3 404
fe7 0 0 000
fe8 0 0 000
fe9 1 b 140
fea 1 3 408
feb 0 0 000
fec 1 5 820
fed 0 0 000
fee 0 0 000
fef 0 0 000
ff0 0 0 000
ff1 1 4 220
ff2 1 3 410
ff3 0 0 000
ff4 1 9 180
ff5 0 0 000
ff6 0 0 000
ff7 0 0 000
ff8 0 0 000
ff9 0 0 000
ffa 0 0 000
ffb 0 0 000
ffc 0 0 000
ffd 0 0 000
ffe 0 0 000
fff 0 0 000
